# TODO: Add comment
# 
# Author: junhui.zhang
###############################################################################



#Leaf area index
lai<-c(4.84198249992853, 4.83613817181756, 4.83029384370659, 4.82444951559561, 
		4.81860518748464, 4.81276085937367, 4.81045145042843, 4.80913906996582, 
		4.80782668950322, 4.80651430904061, 4.80520192857801, 4.83151546515353, 
		4.87953507940187, 4.92755469365021, 4.97557430789854, 5.02359392214688, 
		5.05318229467146, 5.04699237443817, 5.04080245420488, 5.03461253397159, 
		5.0284226137383, 5.02439834081163, 5.0362554814668, 5.04811262212197, 
		5.05996976277714, 5.07182690343231, 5.08368404408748, 5.14819722911341, 
		5.2185610857361, 5.28892494235879, 5.35928879898147, 5.42965265560416, 
		5.4457251031352, 5.43624865227016, 5.42677220140513, 5.41729575054009, 
		5.40781929967506, 5.40063016482702, 5.39612614008589, 5.39162211534477, 
		5.38711809060364, 5.38261406586251, 5.40433361720003, 5.5090944927866, 
		5.61385536837316, 5.71861624395972, 5.82337711954629, 5.92641448309016, 
		5.94499975654207, 5.96358502999398, 5.9821703034459, 6.00075557689781, 
		6.01934085034972, 5.99667877770039, 5.96370486852574, 5.9307309593511, 
		5.89775705017645, 5.8647831410018, 5.85287550922156, 5.8562227679683, 
		5.85957002671503, 5.86291728546177, 5.8662645442085, 5.8780536207069, 
		5.90485037320826, 5.93164712570961, 5.95844387821096, 5.98524063071231, 
		6.00880807164942, 6.01253831297758, 6.01626855430574, 6.0199987956339, 
		6.02372903696206, 6.02745927829022, 6.02198102415194, 6.01570203127744, 
		6.00942303840295, 6.00314404552846, 5.99686505265396, 5.99182181684497, 
		5.98730819120691, 5.98279456556884, 5.97828093993078, 5.97376731429272, 
		5.97743546836738, 5.98996721713081, 6.00249896589425, 6.01503071465769, 
		6.02756246342112, 6.03741062517951, 6.03962088546199, 6.04183114574447, 
		6.04404140602695, 6.04625166630943, 6.04864211571143, 6.05535710398177, 
		6.06207209225211, 6.06878708052245, 6.07550206879278, 6.08221705706312, 
		6.08199865300283, 6.0802582847724, 6.07851791654198, 6.07677754831155, 
		6.07503718008112, 6.07367910378534, 6.07257588877932, 6.07147267377331, 
		6.07036945876729, 6.06926624376128, 6.06732402568741, 6.06401290787126, 
		6.06070179005511, 6.05739067223895, 6.0540795544228, 6.05087601148508, 
		6.04823723665914, 6.04559846183319, 6.04295968700725, 6.0403209121813, 
		6.03768213735536, 6.03916907406865, 6.04091935407169, 6.04266963407472, 
		6.04441991407776, 6.04617019408079, 6.05121423660263, 6.05753918677067, 
		6.06386413693872, 6.07018908710676, 6.07651403727481, 6.08246153621865, 
		6.0880315839383, 6.09360163165795, 6.0991716793776, 6.10474172709725, 
		6.10714980580479, 6.1014271070526, 6.09570440830042, 6.08998170954824, 
		6.08425901079605, 6.07897545748743, 6.0805718494612, 6.08216824143497, 
		6.08376463340874, 6.08536102538251, 6.08695741735629, 6.08845297077981, 
		6.08992931686044, 6.09140566294106, 6.09288200902168, 6.09435835510231, 
		6.09821173650969, 6.10352201053669, 6.10883228456369, 6.11414255859069, 
		6.11945283261769, 6.12232839787349, 6.12155189997247, 6.12077540207146, 
		6.11999890417044, 6.11922240626943, 6.11857706625649, 6.11852922328927, 
		6.11848138032205, 6.11843353735482, 6.1183856943876, 6.11833785142038, 
		6.11809589398192, 6.1178458484405, 6.11759580289908, 6.11734575735765, 
		6.11709571181623, 6.11619624567227, 6.11506860472202, 6.11394096377176, 
		6.11281332282151, 6.11168568187126, 6.11113460491759, 6.11111574088384, 
		6.11109687685009, 6.11107801281634, 6.11105914878259, 6.11129442504949, 
		6.11212269535126, 6.11295096565303, 6.1137792359548, 6.11460750625656, 
		6.11532525232676, 6.11477196973393, 6.11421868714109, 6.11366540454826, 
		6.11311212195542, 6.11255883936259, 6.11225137149631, 6.11198391998087, 
		6.11171646846543, 6.11144901694999, 6.11118156543455, 6.11100150862651, 
		6.11087061134137, 6.11073971405624, 6.11060881677111, 6.11047791948598, 
		6.1101215885427, 6.10945394445245, 6.10878630036219, 6.10811865627194, 
		6.10745101218169, 6.10678914430346, 6.10615038127335, 6.10551161824325, 
		6.10487285521314, 6.10423409218303, 6.10359532915293, 6.10307528651962, 
		6.10255766675156, 6.10204004698349, 6.10152242721543, 6.10100480744737, 
		6.09713571527797, 6.09220826340289, 6.08728081152782, 6.08235335965274, 
		6.07742590777766, 6.07516335689911, 6.07517090686946, 6.07517845683981, 
		6.07518600681015, 6.0751935567805, 6.0750893716905, 6.07474774959725, 
		6.07440612750401, 6.07406450541076, 6.07372288331752, 6.07340596682292, 
		6.07331140071606, 6.0732168346092, 6.07312226850235, 6.07302770239549, 
		6.07293313628863, 6.07272902978931, 6.07250998596375, 6.07229094213818, 
		6.07207189831262, 6.07185285448705, 6.07175565554056, 6.07172122516813, 
		6.0716867947957, 6.07165236442327, 6.07161793405084, 6.07161082181252, 
		6.07163847810853, 6.07166613440453, 6.07169379070054, 6.07172144699655, 
		6.07174301890744, 6.07174301890744, 6.07174301890744, 6.07174301890744, 
		6.07174301890744, 6.07174301890744)


